((1320000,1330000),532)
((1500000,1510000),391)
((1650000,1660000),27)
((2340000,2350000),5)
((1530000,1540000),237)
((1930000,1940000),27)
((1400000,1410000),111)
((2410000,2420000),30)
((2220000,2230000),45)
((1740000,1750000),47)
((520000,530000),5496)
((2730000,2740000),1)
((2200000,2210000),20)
((200000,210000),4017)
((2420000,2430000),7)
((1780000,1790000),44)
((1810000,1820000),33)
((140000,150000),2239)
((740000,750000),1054)
((920000,930000),627)
((1550000,1560000),96)
((890000,900000),579)
((1710000,1720000),126)
((2150000,2160000),100)
((1760000,1770000),672)
((2240000,2250000),8)
((2520000,2530000),1)
((1050000,1060000),905)
((1380000,1390000),172)
((770000,780000),1123)
((2110000,2120000),18)
((470000,480000),2297)
((1860000,1870000),29)
((40000,50000),561)
((810000,820000),2276)
((2570000,2580000),2)
((1330000,1340000),385)
((1430000,1440000),419)
((670000,680000),11388)
((730000,740000),857)
((1390000,1400000),172)
((1600000,1610000),51)
((1230000,1240000),599)
((380000,390000),2579)
((1460000,1470000),503)
((1870000,1880000),36)
((450000,460000),13199)
((420000,430000),1050)
((320000,330000),2248)
((1850000,1860000),20)
((1510000,1520000),305)
((580000,590000),2375)
((440000,450000),1471)
((1720000,1730000),408)
((1750000,1760000),103)
((170000,180000),2131)
((430000,440000),1641)
((1670000,1680000),61)
((2610000,2620000),1)
((3150000,3160000),9)
((1290000,1300000),516)
((480000,490000),1655)
((1920000,1930000),143)
((180000,190000),8745)
((1190000,1200000),478)
((630000,640000),1810)
((2070000,2080000),12)
((1410000,1420000),148)
((2360000,2370000),9)
((1880000,1890000),165)
((840000,850000),1169)
((70000,80000),1226)
((1040000,1050000),1463)
((2450000,2460000),5)
((2580000,2590000),2)
((4020000,4030000),1)
((690000,700000),895)
((240000,250000),4206)
((350000,360000),1719)
((500000,510000),3701)
((830000,840000),2468)
((2460000,2470000),41)
