((2600000,2610000),9)
((3070000,3080000),1)
((750000,760000),4424)
((2330000,2340000),6)
((3600000,3610000),2)
((1310000,1320000),688)
((1840000,1850000),35)
((2260000,2270000),21)
((650000,660000),1243)
((1480000,1490000),233)
((2350000,2360000),12)
((150000,160000),3653)
((1450000,1460000),188)
((1100000,1110000),421)
((1210000,1220000),427)
((1540000,1550000),1430)
((460000,470000),1196)
((1900000,1910000),20)
((610000,620000),1120)
((1700000,1710000),35)
((1490000,1500000),232)
((1940000,1950000),31)
((2980000,2990000),1)
((290000,300000),3721)
((490000,500000),5161)
((960000,970000),523)
((1030000,1040000),868)
((2090000,2100000),7)
((2160000,2170000),23)
((1110000,1120000),1009)
((110000,120000),1930)
((1520000,1530000),350)
((1120000,1130000),4199)
((910000,920000),715)
((3020000,3030000),1)
((820000,830000),799)
((1340000,1350000),343)
((1370000,1380000),197)
((1440000,1450000),192)
((2270000,2280000),2)
((850000,860000),1109)
((1690000,1700000),47)
((1790000,1800000),38)
((1800000,1810000),931)
((1580000,1590000),72)
((1680000,1690000),160)
((390000,400000),1411)
((260000,270000),5186)
((2390000,2400000),3)
((190000,200000),1537)
((780000,790000),3633)
((990000,1000000),778)
((510000,520000),2222)
((1950000,1960000),19)
((1020000,1030000),1438)
((530000,540000),2672)
((2400000,2410000),3)
((1640000,1650000),143)
((590000,600000),3189)
((1260000,1270000),532)
((2030000,2040000),21)
((300000,310000),1766)
((2140000,2150000),8)
((2470000,2480000),7)
((1150000,1160000),379)
((660000,670000),839)
((1620000,1630000),107)
((220000,230000),10013)
((800000,810000),4847)
((950000,960000),505)
((270000,280000),10328)
((360000,370000),3200)
((2100000,2110000),11)
((2040000,2050000),11)
((4030000,4040000),1)
((930000,940000),518)
((1300000,1310000),789)
((2050000,2060000),5)
((2480000,2490000),1)
((2280000,2290000),5)
((620000,630000),1222)
((130000,140000),4792)
((2310000,2320000),12)
((400000,410000),2789)
((570000,580000),1832)
((1820000,1830000),68)
((2000000,2010000),6)
((1160000,1170000),365)
((1420000,1430000),137)
((1200000,1210000),431)
((2920000,2930000),3)
((3370000,3380000),4)
((2960000,2970000),1)
((790000,800000),1222)
((1730000,1740000),60)
((760000,770000),1978)
((1060000,1070000),725)
((2370000,2380000),15)
