((1080000,1090000),760)
((2290000,2300000),14)
((3860000,3870000),1)
((1090000,1100000),768)
((1960000,1970000),47)
((640000,650000),3265)
((1570000,1580000),974)
((2680000,2690000),3)
((2130000,2140000),5)
((1980000,1990000),60)
((100000,110000),1871)
((1360000,1370000),99)
((2010000,2020000),481)
((1250000,1260000),1642)
((2120000,2130000),7)
((230000,240000),3343)
((1660000,1670000),119)
((1990000,2000000),17)
((2540000,2550000),1)
((1170000,1180000),474)
((340000,350000),2462)
((680000,690000),686)
((280000,290000),5728)
((2250000,2260000),375)
((900000,910000),7230)
((2300000,2310000),12)
((160000,170000),1919)
((1830000,1840000),23)
((1070000,1080000),3252)
((2060000,2070000),13)
((2930000,2940000),6)
((700000,710000),1308)
((2440000,2450000),22)
((1910000,1920000),27)
((600000,610000),1581)
((80000,90000),668)
((330000,340000),3720)
((310000,320000),6009)
((540000,550000),8587)
((1180000,1190000),586)
((4050000,4060000),8)
((1010000,1020000),656)
((1970000,1980000),394)
((1590000,1600000),55)
((1270000,1280000),263)
((720000,730000),2678)
((1770000,1780000),78)
((980000,990000),697)
((2230000,2240000),3)
((2080000,2090000),133)
((1280000,1290000),2865)
((1470000,1480000),106)
((410000,420000),1579)
((880000,890000),881)
((970000,980000),1157)
((560000,570000),2139)
((2170000,2180000),12)
((120000,130000),1323)
((60000,70000),719)
((250000,260000),6796)
((2380000,2390000),4)
((870000,880000),640)
((90000,100000),1939)
((1630000,1640000),106)
((1240000,1250000),268)
((210000,220000),1475)
((370000,380000),1224)
((50000,60000),891)
((1130000,1140000),492)
((3950000,3960000),1)
((1350000,1360000),2690)
((2510000,2520000),227)
((2320000,2330000),3)
((1140000,1150000),301)
((2180000,2190000),7)
((1890000,1900000),25)
((1220000,1230000),1224)
((1610000,1620000),87)
((1000000,1010000),2587)
((3060000,3070000),1)
((1560000,1570000),148)
((2020000,2030000),72)
((2210000,2220000),18)
((550000,560000),2019)
((940000,950000),2423)
((2190000,2200000),8)
((710000,720000),916)
((2700000,2710000),9)
((3310000,3320000),1)
((860000,870000),778)
((2690000,2700000),62)
((3290000,3300000),1)
